<Pose> {   'orientation': <Quaternionr> {   'w_val': 0.886181116104126,
    'x_val': 0.06211438402533531,
    'y_val': -0.1245512068271637,
    'z_val': 0.4419410228729248},
    'position': <Vector3r> {   'x_val': -1.184243083000183,
    'y_val': -4.789981365203857,
    'z_val': -7.241242408752441}}
