<Pose> {   'orientation': <Quaternionr> {   'w_val': 0.3270447552204132,
    'x_val': 0.18794214725494385,
    'y_val': -0.06653954088687897,
    'z_val': 0.9237380027770996},
    'position': <Vector3r> {   'x_val': 14.970126152038574,
    'y_val': -4.369556903839111,
    'z_val': -7.241242408752441}}
