<Pose> {   'orientation': <Quaternionr> {   'w_val': 0.11205263435840607,
    'x_val': 0.13828504085540771,
    'y_val': -0.01574823260307312,
    'z_val': 0.9839072823524475},
    'position': <Vector3r> {   'x_val': 22.0856876373291,
    'y_val': -0.7875785827636719,
    'z_val': -7.241242408752441}}
