<Pose> {   'orientation': <Quaternionr> {   'w_val': 0.9842149615287781,
    'x_val': -0.006060076877474785,
    'y_val': -0.03438115492463112,
    'z_val': -0.17349953949451447},
    'position': <Vector3r> {   'x_val': -8.3231782913208,
    'y_val': 11.36823844909668,
    'z_val': -7.582221031188965}}
