<Pose> {   'orientation': <Quaternionr> {   'w_val': 0.905045211315155,
    'x_val': 0.02212674915790558,
    'y_val': -0.047443173825740814,
    'z_val': 0.42208144068717957},
    'position': <Vector3r> {   'x_val': -4.534042835235596,
    'y_val': -7.835392475128174,
    'z_val': -7.045369625091553}}
