<Pose> {   'orientation': <Quaternionr> {   'w_val': 0.34018951654434204,
    'x_val': -0.09823855757713318,
    'y_val': -0.03576193004846573,
    'z_val': -0.9345273375511169},
    'position': <Vector3r> {   'x_val': 22.989051818847656,
    'y_val': 12.517230033874512,
    'z_val': -7.045385360717773}}
