<Pose> {   'orientation': <Quaternionr> {   'w_val': 0.8829417824745178,
    'x_val': -0.10029932856559753,
    'y_val': -0.4023889899253845,
    'z_val': -0.2200837880373001},
    'position': <Vector3r> {   'x_val': 0.8948095440864563,
    'y_val': 12.17024040222168,
    'z_val': -9.733059883117676}}
